t = [0:12];
ode45(